%YAML:1.0
image_width: 1280
image_height: 960
camera_name: quickcam_left
camera_matrix: !!opencv-matrix
  rows: 3
  cols: 3
  dt: d
  data: [1119.467986, 0.000000, 628.909119, 0.000000, 1125.420840, 567.642484, 0.000000, 0.000000, 1.000000]
distortion_model: plumb_bob
distortion_coefficients: !!opencv-matrix
  rows: 1
  cols: 5
  dt: d
  data: [-0.056213, 0.092703, 0.005791, 0.001755, 0.000000]
rectification_matrix:
  rows: 3
  cols: 3
  data: [0.999625, 0.026203, -0.007951, -0.026192, 0.999656, 0.001418, 0.007986, -0.001209, 0.999967]
projection_matrix:
  rows: 3
  cols: 4
  dt: d
  data: [1249.346834, 0.000000, 660.698586, 0.000000, 0.000000, 1249.346834, 546.747688, 0.000000, 0.000000, 0.000000, 1.000000, 0.000000]

