%YAML:1.0
image_width: 1280
image_height: 960
camera_name: quickcam_right
camera_matrix: !!opencv-matrix
  rows: 3
  cols: 3
  dt: d
  data: [1141.284540, 0.000000, 621.646761, 0.000000, 1147.649848, 492.304811, 0.000000, 0.000000, 1.000000]
distortion_model: plumb_bob
distortion_coefficients: !!opencv-matrix
  rows: 1
  cols: 5
  dt: d
  data: [0.027046, 0.028759, 0.008984, -0.006982, 0.000000]
rectification_matrix:
  rows: 3
  cols: 3
  data: [0.998790, 0.019383, -0.045202, -0.019033, 0.999786, 0.008162, 0.045350, -0.007291, 0.998945]
projection_matrix:
  rows: 3
  cols: 4
  dt: d
  data: [1292.443367, 0.000000, 666.032967, -60.122805, 0.000000, 1292.443367, 510.954006, 0.000000, 0.000000, 0.000000, 1.000000, 0.000000]
