%YAML:1.0
image_width: 1280
image_height: 960
camera_name: quickcam_left
camera_matrix: !!opencv-matrix
  rows: 3
  cols: 3
  dt: d
  data: [1127.702279, 0.000000, 581.013867, 0.000000, 1131.488073, 519.672053, 0.000000, 0.000000, 1.000000]
distortion_model: plumb_bob
distortion_coefficients: !!opencv-matrix
  rows: 1
  cols: 5
  dt: d
  data: [0.018799, 0.001115, 0.002879, -0.008990, 0.000000]
rectification_matrix:
  rows: 3
  cols: 3
  data: [0.998094, 0.032512, -0.052452, -0.032917, 0.999434, -0.006868, 0.052199, 0.008582, 0.998600]
projection_matrix:
  rows: 3
  cols: 4
  dt: d
  data: [1292.443367, 0.000000, 666.032967, 0.000000, 0.000000, 1292.443367, 510.954006, 0.000000, 0.000000, 0.000000, 1.000000, 0.000000]

