%YAML:1.0
image_width: 1280
image_height: 960
camera_name: quickcam_right
camera_matrix: !!opencv-matrix
  rows: 3
  cols: 3
  dt: d
  data: [1204.441976, 0.000000, 584.327296, 0.000000, 1216.634325, 636.283598, 0.000000, 0.000000, 1.000000]
distortion_model: plumb_bob
distortion_coefficients: !!opencv-matrix
  rows: 1
  cols: 5
  dt: d
  data: [0.031659, -0.048846, 0.019712, -0.003446, 0.000000]
rectification_matrix:
  rows: 3
  cols: 3
  data: [0.974447, 0.051028, -0.218744,-0.049011, 0.998691, 0.014641, 0.219205, -0.003546, 0.975672]
projection_matrix:
  rows: 3
  cols: 4
  dt: d
  data: [1621.381605, 0.000000, 905.612751, -89.133091, 000000, 1621.381605, 657.770832, 0.000000, 0.000000, 0.000000, 1.000000, 0.000000]
