%YAML:1.0
image_width: 640
image_height: 480
camera_name: logitech
camera_matrix: !!opencv-matrix
  rows: 3
  cols: 3
  dt: d
  data: [550.948403, 0.000000, 326.307835, 0.000000, 551.609667, 229.980558, 0.000000, 0.000000, 1.000000]
distortion_model: plumb_bob
distortion_coefficients: !!opencv-matrix
  rows: 1
  cols: 5
  dt: d
  data: [-0.023197, 0.039130, -0.001383, -0.000358, 0.000000]
rectification_matrix:
  rows: 3
  cols: 3
  data: [1, 0, 0, 0, 1, 0, 0, 0, 1]
projection_matrix:
  rows: 3
  cols: 4
  dt: d
  data: [543.269470214844, 0, 335.035995023551, 0, 0, 545.160461425781, 225.547659282896, 0, 0, 0, 1, 0]
