%YAML:1.0
image_width: 1280
image_height: 960
camera_name: quickcam_left
camera_matrix: !!opencv-matrix
  rows: 3
  cols: 3
  dt: d
  data: [1189.528395, 0.000000, 603.175536, 0.000000, 1186.025567, 610.360172, 0.000000, 0.000000, 1.000000]
distortion_model: plumb_bob
distortion_coefficients: !!opencv-matrix
  rows: 1
  cols: 5
  dt: d
  data: [-0.060396, 0.136473, 0.007741, 0.002126, 0.000000]
rectification_matrix:
  rows: 3
  cols: 3
  data: [0.941785, 0.077923, -0.327061, -0.075050, 0.996950, 0.021415, 0.327732, 0.004378, 0.944761]
projection_matrix:
  rows: 3
  cols: 4
  dt: d
  data: [1614.762294, 0.000000, 1138.281797, 0.000000, 0.000000, 1614.762294, 576.940418, 0.000000, 0.000000, 0.000000, 1.000000, 0.000000]
