%YAML:1.0
image_width: 1280
image_height: 960
camera_name: quickcam_right
camera_matrix: !!opencv-matrix
  rows: 3
  cols: 3
  dt: d
  data: [1245.240587, 0.000000, 713.678072, 0.000000, 1245.439258, 565.600322, 0.000000, 0.000000, 1.000000]
distortion_model: plumb_bob
distortion_coefficients: !!opencv-matrix
  rows: 1
  cols: 5
  dt: d
  data: [-0.081908, 0.110095, 0.002911, 0.001560, 0.000000]
rectification_matrix:
  rows: 3
  cols: 3
  data: [0.963923, 0.052830, -0.260885, -0.055104, 0.998480, -0.001404, 0.260414, 0.015729, 0.965369]

projection_matrix:
  rows: 3
  cols: 4
  dt: d
  data: [1614.762294, 0.000000, 1138.281797, -836.623254, 0.000000, 1614.762294, 576.940418, 0.000000, 0.000000, 0.000000, 1.000000, 0.000000]
